1 0 
2 1 
3 1 
4 1 
5 2 
6 2 
7 2 
8 3 
9 4 
10 5 
11 5 
12 6 
13 6 
14 7 
15 7 
16 8 
17 8 
18 9 
19 9 
20 10 
21 11 
22 12 
23 13 
24 14 
25 15 
26 16 
27 17 
28 17 
29 17 
30 18 
31 19 
32 19 
33 19 
34 20 
35 20 
36 21 
37 21 
38 22 
39 22 
40 23 
41 23 
42 24 
43 24 
44 25 
45 25 
46 26 
47 26 
48 27 
49 27 
50 28 
51 28 
52 29 
53 29 
54 30 
55 30 
56 31 
57 31 
58 32 
59 32 
60 33 
61 33 
62 34 
63 35 
64 35 
65 35 
66 36 
67 37 
68 37 
69 37 
70 38 
71 38 
72 38 
73 39 
74 40 
75 40 
76 40 
77 41 
78 42 
79 42 
80 42 
81 43 
82 44 
83 44 
84 44 
85 45 
86 46 
87 46 
88 46 
89 47 
90 49 
91 50 
92 51 
93 52 
94 53 
95 54 
96 54 
97 54 
98 55 
99 56 
100 58 
101 59 
102 60 
103 61 
104 62 
105 62 
106 63 
107 63 
108 64 
109 64 
110 65 
111 65 
112 66 
113 66 
114 67 
115 67 
116 68 
117 68 
118 69 
119 69 
120 70 
121 70 
122 71 
123 72 
124 72 
125 73 
126 73 
127 74 
128 74 
129 75 
130 76 
131 76 
132 77 
133 77 
134 78 
135 78 
136 79 
137 79 
138 80 
139 81 
140 81 
141 82 
142 82 
143 83 
144 83 
145 84 
146 85 
147 85 
148 86 
149 86 
150 87 
151 87 
152 88 
153 88 
154 89 
155 89 
156 90 
157 90 
158 91 
159 91 
160 92 
161 92 
162 93 
163 93 
164 94 
165 94 
166 95 
167 95 
168 96 
169 96 
170 97 
171 97 
172 98 
173 98 
174 99 
175 99 
176 100 
177 100 
178 101 
179 101 
180 102 
181 102 
182 103 
183 103 
184 104 
185 104 
186 104 
187 105 
188 106 
189 107 
190 109 
191 110 
192 111 
193 112 
194 112 
195 112 
196 113 
197 114 
198 115 
199 116 
200 118 
201 119 
202 120 
203 121 
204 122 
205 123 
206 124 
207 125 
208 126 
209 126 
210 126 
211 127 
212 128 
213 129 
214 130 
215 131 
216 132 
217 133 
218 133 
219 133 
220 134 
221 135 
222 136 
223 137 
224 138 
225 139 
226 140 
227 140 
228 140 
229 141 
230 142 
231 143 
232 144 
233 145 
234 146 
235 147 
236 147 
237 147 
238 148 
239 149 
240 150 
241 151 
242 152 
243 153 
244 154 
245 155 
246 155 
247 155 
248 156 
249 157 
250 157 
251 157 
252 158 
253 159 
254 159 
255 160 
256 161 
257 161 
258 162 
259 162 
260 162 
261 163 
262 164 
263 164 
264 165 
265 166 
266 167 
267 168 
268 169 
269 170 
270 171 
271 172 
272 173 
273 173 
274 173 
275 174 
276 175 
277 175 
278 175 
279 176 
280 177 
281 177 
282 178 
283 179 
284 179 
285 180 
286 180 
287 180 
288 181 
289 182 
290 182 
291 183 
292 184 
293 184 
294 185 
295 185 
296 186 
297 186 
298 187 
299 187 
300 188 
301 188 
302 189 
303 190 
304 190 
305 191 
306 191 
307 192 
308 192 
309 193 
310 193 
311 194 
312 194 
313 195 
314 195 
315 196 
316 196 
317 197 
318 198 
319 198 
320 199 
321 199 
322 200 
323 200 
324 201 
325 201 
326 202 
327 202 
328 203 
329 204 
330 204 
331 205 
332 205 
333 206 
334 206 
335 207 
336 207 
337 208 
338 208 
339 209 
340 209 
341 210 
342 210 
343 211 
344 211 
345 212 
346 213 
347 213 
348 214 
349 214 
350 215 
351 215 
352 216 
353 216 
354 217 
355 217 
356 218 
357 218 
